21768723
22621767
23009526
23009526
23009526
23009526
23009526
23009526
23009526
23009526
23009526
23009526
11449628
11449628
11449628
11449628
11449628
11449628
11449628
11449628
11449628
11449628
24855330
24855330
24855330
24855330
24855330
24855330
24855330
24855330
24855330
24855330
25784677
25784677
25784677
25784677
25784677
25784677
25784677
25784677
25784677
25784677
24538124
24538124
24538124
24538124
24538124
24538124
24538124
24538124
24538124
24538124
22613912
22613912
22613912
22613912
22613912
22613912
22613912
22613912
22613912
22613912
22608936
22608936
22608936
22608936
22608936
22608936
22608936
22608936
11486034
11486034
11486034
11486034
11486034
11486034
11486034
11486034
11486034
11486034
11477251
11477251
11477251
11477251
11477251
11477251
11477251
11477251
11477251
11477251
25783577
25783577
25783577
25783577
25783577
25783577
25783577
25783577
25783577
25783577
22621788
22621788
22621788
22621788
22621788
22621788
22621788
22621788
22621788
22621788
24847073
24847073
24847073
24847073
23997680
23997680
23997680
23997680
23997680
23997680
23997680
23997680
23997680
23997680
11496952
11496952
11496952
11496952
11496952
11496952
11496952
11496952
11496952
11496952
24856872
24856872
24856872
24856872
24856872
24856872
24856872
24856872
24856872
24856872
24698537
24698537
24698537
24698537
24698537
24698537
24698537
24698537
24698537
24698537
11487053
11487053
11487053
11487053
11487053
11487053
11487053
11487053
11487053
11487053
11489351
11489351
11489351
11489351
11489351
11489351
11489351
11489351
11489351
11489351
11472001
11472001
11472001
11472001
11472001
11472001
11472001
11472001
11472001
11472001
22619703
22619703
22619703
22619703
22619703
22619703
22619703
22619703
22619703
22619703
25711226
25711226
25711226
25711226
25711226
25711226
25711226
25711226
25711226
25711226
24115668
24115668
24115668
24115668
24115668
24115668
24115668
24115668
24115668
24115668
11475270
11475270
11475270
11475270
11475270
11475270
11475270
11475270
11475270
11475270
22620519
22620519
22620519
22620519
22620519
22620519
22620519
22620519
22620519
22620519
25733538
25733538
25733538
25733538
25733538
25733538
25733538
25733538
25733538
25733538
11492047
11492047
11492047
11492047
11492047
11492047
11492047
11492047
11492047
11492047
11491973
11491973
11491973
11491973
11491973
11491973
11491973
11491973
11491973
11491973
11459784
11459784
11459784
11459784
11459784
11459784
11459784
11459784
11459784
11459784
11480595
11480595
11480595
11480595
11480595
11480595
11480595
11480595
11480595
11480595
21373420
21373420
21373420
21373420
21373420
21373420
21373420
21373420
21373420
21373420
24540122
24540122
24540122
24540122
24540122
24540122
24540122
24540122
24540122
24540122
11479564
11479564
11479564
11479564
11479564
11479564
11479564
11479564
11479564
11479564
25890156
25890156
25890156
25890156
25890156
25890156
25890156
25890156
25890156
25890156
11472102
11472102
11472102
11472102
11472102
11472102
11472102
11472102
11472102
11472102
22620054
22620054
22620054
22620054
22620054
22620054
22620054
22620054
22620054
22620054
24698224
24698224
24698224
24698224
24698224
24698224
24698224
24698224
24698224
24698224
22616820
22616820
22616820
22616820
22616820
22616820
22616820
22616820
22616820
22616820
11467777
11467777
11467777
11467777
11467777
11467777
11467777
11467777
11467777
11467777
11465878
11465878
11465878
11465878
11465878
11465878
11465878
11465878
11465878
11465878
25745399
25745399
25745399
25745399
25745399
25745399
25745399
25745399
25745399
25745399
23617647
23617647
23617647
23617647
23617647
23617647
23617647
23617647
23617647
23617647
21731717
21731717
21731717
21731717
21731717
21731717
21731717
21731717
21731717
21731717
11494334
11494334
11494334
11494334
11494334
11494334
11494334
11494334
11494334
11494334
11452581
11452581
11452581
11452581
11452581
11452581
11452581
11452581
11452581
11452581
11451328
11451328
11451328
11451328
11451328
11451328
11451328
11451328
11451328
11451328
22619601
22619601
22619601
22619601
22619601
22619601
22619601
22619601
22619601
22619601
11448415
11448415
11448415
11448415
11448415
11448415
11448415
11448415
11448415
11448415
11460307
11460307
11460307
11460307
11460307
11460307
11460307
11460307
11460307
25892913
25892913
25892913
25892913
25892913
25892913
25892913
25892913
25892913
25892913
24716557
24716557
24716557
24716557
24716557
24716557
24716557
24716557
24716557
24716557
23047887
23047887
23047887
23047887
23047887
23047887
23047887
23047887
23047887
23047887
22622002
22622002
22622002
22622002
22622002
22622002
22622002
22622002
22622002
22622002
22617515
22617515
22617515
22617515
22617515
22617515
22617515
22617515
22617515
22617515
11455367
11455367
11455367
11455367
11455367
11455367
11455367
11455367
11455367
11455367
11477674
11477674
11477674
11477674
11477674
11477674
11477674
11477674
11477674
11477674
25731645
25731645
25731645
25731645
25731645
25731645
25731645
25731645
25731645
25731645
11456239
11456239
11456239
11456239
11456239
11456239
11456239
11456239
11456239
11456239
11473339
11473339
11473339
11473339
11473339
11473339
11473339
11473339
11473339
11473339
21768723
21768723
21768723
21768723
21768723
21768723
21768723
21768723
21768723
21768723
21768723
21807039
21807039
21807039
21807039
21807039
21807039
21807039
21807039
21807039
21807039
11447202
11447202
11447202
11447202
11447202
11447202
11447202
11447202
11447202
11447202
21339487
21339487
21339487
21339487
21339487
21339487
21339487
21339487
21339487
21339487
25752650
25752650
25752650
25752650
25752650
25752650
25752650
25752650
25752650
25752650
11445887
11445887
11445887
11445887
11445887
11445887
11445887
11445887
11445887
11445887
22618276
22618276
22618276
22618276
22618276
22618276
22618276
22618276
22618276
22618276
25936989
25936989
25936989
25936989
25936989
25936989
25936989
25936989
25936989
25936989
25934007
25934007
25934007
25934007
25934007
25934007
25934007
25934007
25934007
25934007
25705609
25705609
25705609
25705609
25705609
25705609
25705609
25705609
25705609
25705609
24316029
24316029
24316029
24316029
24316029
24316029
24316029
24316029
24316029
24316029
22621017
22621017
22621017
22621017
22621017
22621017
22621017
22621017
22621017
22621017
22614915
22614915
22614915
22614915
22614915
22614915
22614915
22614915
22614915
22614915
22613178
22613178
22613178
22613178
22613178
22613178
22613178
22613178
22613178
22613178
22612942
22612942
22612942
22612942
22612942
22612942
22612942
22612942
22612942
22612942
11486182
11486182
11486182
11486182
11486182
11486182
11486182
11486182
11486182
11486182
24540879
24540879
24540879
24540879
24540879
24540879
24540879
24540879
24540879
24540879
11451367
11451367
11451367
11451367
11451367
11451367
11451367
11451367
11451367
11451367
22610592
22610592
22610592
22610592
22610592
22610592
22610592
22610592
22610592
22610592
11479238
11479238
11479238
11479238
11479238
11479238
11479238
11479238
11479238
11479238
11482921
11482921
11482921
11482921
11482921
11482921
11482921
11482921
11482921
11482921
24757104
24757104
24757104
24757104
24757104
24757104
24757104
24757104
24757104
24757104
24741045
24741045
24741045
24741045
24741045
24741045
24741045
24741045
24741045
24741045
25784190
25784190
25784190
25784190
25784190
25784190
25784190
25784190
25784190
25784190
25660702
25660702
25660702
25660702
25660702
25660702
25660702
25660702
25660702
25660702
24715363
24715363
24715363
24715363
24715363
24715363
24715363
24715363
24715363
24715363
22620517
22620517
22620517
22620517
22620517
22620517
22620517
22620517
22620517
22620517
22618888
22618888
22618888
22618888
22618888
22618888
22618888
22618888
22618888
22618888
22436607
22436607
22436607
22436607
22436607
22436607
22436607
22436607
22436607
22436607
21937804
21937804
21937804
21937804
21937804
21937804
21937804
21937804
21937804
21937804
21800754
21800754
21800754
21800754
21800754
21800754
21800754
21800754
21800754
21800754
21759188
21759188
21759188
21759188
21759188
21759188
21759188
21759188
21759188
21759188
11490297
11490297
11490297
11490297
11490297
11490297
11490297
11490297
11490297
11490297
11467493
11467493
11467493
11467493
11467493
11467493
11467493
11467493
11467493
11467493
11459814
11459814
11459814
11459814
11459814
11459814
11459814
11459814
11459814
11459814
11452434
11452434
11452434
11452434
11452434
11452434
11452434
11452434
11452434
11452434
11447023
11447023
11447023
11447023
11447023
11447023
11447023
11447023
11447023
11447023
25787124
25787124
25787124
25787124
25787124
25787124
25787124
25787124
25787124
25787124
11454012
11454012
11454012
11454012
11454012
11454012
11454012
11454012
11454012
11454012
22608994
22608994
22608994
22608994
22608994
22608994
22608994
22608994
22608994
22608994
11449080
11449080
11449080
11449080
11449080
11449080
11449080
11449292
11449292
11449292
11449292
11449292
11449292
11449292
11449292
11449292
11449292
25747906
25747906
25747906
25747906
25747906
25747906
25747906
25747906
25747906
25747906
11461319
11461319
11461319
11461319
11461319
11461319
11461319
11461319
11461319
11461319
22619211
22619211
22619211
22619211
22619211
22619211
22619211
22619211
22619211
22619211
11454230
11454230
11454230
11454230
11454230
11454230
11454230
11454230
11454230
11454230
24153613
24153613
24153613
24153613
24153613
24153613
24153613
24153613
24153613
24153613
22621767
22621767
22621767
22621767
22621767
22621767
22621767
22621767
22621767
22621767
22621767
22610527
22610527
22610527
22610527
22610527
22610527
22610527
22610527
22610527
22610527
11450123
11450123
11450123
11450123
11450123
11450123
11450123
11450123
11450123
11450123
25893363
25893363
25893363
25893363
25893363
25893363
25893363
25893363
25893363
25893363
24747820
24747820
24747820
24747820
24747820
24747820
24747820
24747820
24747820
24747820
23619817
23619817
23619817
23619817
23619817
23619817
23619817
23619817
23619817
23619817
22805662
22805662
22805662
22805662
22805662
22805662
22805662
22805662
22805662
22805662
22616385
22616385
22616385
22616385
22616385
22616385
22616385
22616385
22616385
22616385
11456876
11456876
11456876
11456876
11456876
11456876
11456876
11456876
11456876
11456876
11470043
11470043
11470043
11470043
11470043
11470043
11470043
11470043
11470043
11470043
11453817
11453817
11453817
11453817
11453817
11453817
11453817
11453817
11453817
11453817
22611343
22611343
22611343
22611343
22611343
22611343
22611343
22611343
22611343
22611343
25734151
25734151
25734151
25734151
25734151
25734151
25734151
25734151
25734151
25734151
25732248
25732248
25732248
25732248
25732248
25732248
25732248
25732248
25732248
25732248
24744328
24744328
24744328
24744328
24744328
24744328
24744328
24744328
24744328
24744328
24289303
24289303
24289303
24289303
24289303
24289303
24289303
24289303
24289303
24289303
22611342
22611342
22611342
22611342
22611342
22611342
22611342
22611342
22611342
22611342
21768944
21768944
21768944
21768944
21768944
21768944
21768944
21768944
21768944
21768944
21767707
21767707
21767707
21767707
21767707
21767707
21767707
21767707
21767707
21767707
21765145
21765145
21765145
21765145
21765145
21765145
21765145
21765145
21765145
21765145
21765136
21765136
21765136
21765136
21765136
21765136
21765136
21765136
21765136
21765136
11493853
11493853
11493853
11493853
11493853
11493853
11493853
11493853
11493853
11493853
11465040
11465040
11465040
11465040
11465040
11465040
11465040
11465040
11465040
11465040
11459916
11459916
11459916
11459916
11459916
11459916
11459916
11459916
11459916
11459916
23618412
23618412
23618412
23618412
23618412
23618412
23618412
23618412
23618412
23618412
24727627
24727627
24727627
24727627
24727627
24727627
24727627
24727627
24727627
24727627
22611198
22611198
22611198
22611198
22611198
22611198
22611198
22611198
22611198
22611198
22609823
22609823
22609823
22609823
22609823
22609823
22609823
22609823
22609823
22609823
21769774
21769774
21769774
21769774
21769774
21769774
21769774
21769774
21769774
21769774
11449684
11449684
11449684
11449684
11449684
11449684
11449684
11449684
11449684
11449684
11448096
11448096
11448096
11448096
11448096
11448096
11448096
11448096
11448096
11448096
11454851
11454851
11454851
11454851
11454851
11454851
11454851
22619388
22619388
22619388
22619388
22619388
22619388
22619388
22619388
22619388
22619388
22616865
22616865
22616865
22616865
22616865
22616865
22616865
22616865
22616865
22616865
22609466
22609466
22609466
22609466
22609466
22609466
22609466
22609466
22609466
22609466
22354115
22354115
22354115
22354115
22354115
22354115
22354115
22354115
22354115
22354115
11448541
11448541
11448541
11448541
11448541
11448541
11448541
11448541
11448541
11448541
11446802
11446802
11446802
11446802
11446802
11446802
11446802
11446802
11446802
11446802
11446469
11446469
11446469
11446469
11446469
11446469
11446469
11446469
11446469
11446469
11446080
11446080
11446080
11446080
11446080
11446080
11446080
11446080
11446080
11446080
11446861
11446861
11446861
11446861
11446861
11446861
11446861
11446861
11446861
11446861
11452902
11452902
11452902
11452902
11452902
11452902
11452902
11452902
11452902
11452902
11452577
11452577
11452577
11452577
11452577
11452577
11452577
11452577
11452577
11452577
21975363
21975363
21975363
21975363
21975363
21975363
21975363
21975363
21975363
21975363
24877783
24877783
24877783
24877783
24877783
24877783
24877783
24877783
24877783
24877783
25702151
25702151
25702151
25702151
25702151
25702151
25702151
25702151
25702151
25702151
24843087
24843087
24843087
24843087
24843087
24843087
24843087
24843087
24843087
24843087
24744569
24744569
24744569
24744569
24744569
24744569
24744569
24744569
24744569
24744569
24695166
24695166
24695166
24695166
24695166
24695166
24695166
24695166
24695166
24695166
24538991
24538991
24538991
24538991
24538991
24538991
24538991
24538991
24538991
24538991
22616759
22616759
22616759
22616759
22616759
22616759
22616759
22616759
22616759
22616759
22615576
22615576
22615576
22615576
22615576
22615576
22615576
22615576
22615576
22615576
22353693
22353693
22353693
22353693
22353693
22353693
22353693
22353693
22353693
22353693
21759234
21759234
21759234
21759234
21759234
21759234
21759234
21759234
21759234
21759234
11452700
11452700
11452700
11452700
11452700
11452700
11452700
11452700
11452700
11452700
11454149
11454149
11454149
11454149
11454149
11454149
11454149
11454149
11454149
11454149
22610589
22610589
22610589
22610589
22610589
22610589
22610589
22610589
22610589
22610589
11466009
11466009
11466009
11466009
11466009
11466009
11466009
11466009
11466009
11466009
24852452
24852452
24852452
24852452
24852452
24852452
24852452
24852452
24852452
24852452
11455099
11455099
11455099
11455099
11455099
11455099
11455099
11455099
11455099
11455099
24880115
24880115
24880115
24880115
24880115
24880115
24880115
24880115
24880115
24880115
21975104
21975104
21975104
21975104
21975104
21975104
21975104
21975104
21975104
21975104
11479362
11479362
11479362
11479362
11479362
11479362
11479362
11479362
11479362
11479362
24695093
24695093
24695093
24695093
24695093
24695093
24695093
24695093
24695093
24695093
25793970
25793970
25793970
25793970
25793970
25793970
25793970
25793970
25793970
25793970
25785588
25785588
25785588
25785588
25785588
25785588
25785588
25785588
25785588
25785588
25708604
25708604
25708604
25708604
25708604
25708604
25708604
25708604
25708604
25708604
24153211
24153211
24153211
24153211
24153211
24153211
24153211
24153211
24153211
24153211
24006563
24006563
24006563
24006563
24006563
24006563
24006563
24006563
24006563
24006563
22621004
22621004
22621004
22621004
22621004
22621004
22621004
22621004
22621004
22621004
22619537
22619537
22619537
22619537
22619537
22619537
22619537
22619537
22619537
22619537
22616358
22616358
22616358
22616358
22616358
22616358
22616358
22616358
22616358
22616358
22615577
22615577
22615577
22615577
22615577
22615577
22615577
22615577
22615577
22615577
22607830
22607830
22607830
22607830
22607830
22607830
22607599
22607599
22607599
22607599
22607599
22607599
22607599
22607599
22607599
22607599
22616066
22616066
22616066
22616066
22616066
22616066
22616066
22616066
22616066
22616066
11471089
11471089
11471089
11471089
11471089
11471089
11471089
11471089
11471089
11471089
11454413
11454413
11454413
11454413
11454413
11454413
11454413
11454413
11454413
11454413
11454065
11454065
11454065
11454065
11454065
11454065
11454065
11454065
11454065
11454065
11447792
11447792
11447792
11447792
11447792
11447792
11447792
11447792
11447792
11447792
24538251
24538251
24538251
24538251
24538251
24538251
24538251
24538251
24538251
24538251
11467501
11467501
11467501
11467501
11467501
11467501
11467501
11467501
11467501
11467501
24538554
11450746
11450746
11450746
11450746
11450746
11450746
11450746
11450746
11450746
11450746
25944139
25944139
25944139
25944139
25944139
25944139
25944139
25944139
25944139
25944139
22315758
22315758
22315758
22315758
22315758
22315758
22315758
22315758
11447848
11447848
11447848
11447848
11447848
11447848
11447848
11447848
11447848
11447848
21980068
21980068
21980068
21980068
21980068
21980068
21980068
21980068
21980068
21980068
25757059
25757059
25757059
25757059
25757059
25757059
25757059
25757059
25757059
25757059
25661096
25661096
25661096
25661096
25661096
25661096
25661096
25661096
25661096
25661096
24152999
24152999
24152999
24152999
24152999
24152999
24152999
24152999
24152999
24152999
11449339
11449339
11449339
11449339
11449339
11449339
11449339
11449339
11449339
11449339
11486461
11486461
11486461
11486461
11486461
11486461
11486461
11486461
11486461
11486461
11455837
11455837
11455837
11455837
11455837
11455837
11455837
11455837
11455837
22614857
22614857
22614857
22614857
22614857
22614857
22614857
22614857
22614857
22614857
22610587
22610587
22610587
22610587
22610587
22610587
22610587
22610587
22610587
22610587
25769641
25769641
25769641
25769641
25769641
25769641
25769641
25769641
25769641
25769641
25738630
25738630
25738630
25738630
25738630
25738630
25738630
25738630
25738630
25738630
25715605
25715605
25715605
25715605
25715605
25715605
25715605
25715605
25715605
25715605
24876001
24876001
24876001
24876001
24876001
24876001
24876001
24876001
24876001
24876001
24845416
24845416
24845416
24845416
24845416
24845416
24845416
24845416
24845416
24845416
24747023
24747023
24747023
24747023
24747023
24747023
24747023
24747023
24747023
24747023
22615314
22615314
22615314
22615314
22615314
22615314
22615314
22615314
22615314
22615314
22614161
22614161
22614161
22614161
22614161
22614161
22614161
22614161
22614161
22614161
22613126
22613126
22613126
22613126
22613126
22613126
22613126
22613126
22613126
22613126
21769661
21769661
21769661
21769661
21769661
21769661
21769661
21769661
21769661
21769661
22616633
22616633
22616633
22616633
22616633
22616633
22616633
22616633
22616633
22616633
24089957
24089957
24089957
24089957
24089957
24089957
24089957
24089957
24089957
24089957
22611550
22611550
22611550
22611550
22611550
22611550
22611550
22611550
22611550
22611550
11493715
11493715
11493715
11493715
11493715
11493715
11493715
11493715
11493715
11493715
23009526
23009526
23009526
23009526
23009526
23009526
23009526
23009526
23009526
23009526
11449628
11449628
11449628
11449628
11449628
11449628
11449628
11449628
11449628
11449628
24855330
24855330
24855330
24855330
24855330
24855330
24855330
24855330
24855330
24855330
25784677
25784677
25784677
25784677
25784677
25784677
25784677
25784677
25784677
25784677
24538124
24538124
24538124
24538124
24538124
24538124
24538124
24538124
24538124
24538124
22613912
22613912
22613912
22613912
22613912
22613912
22613912
22613912
22613912
22613912
22608936
22608936
22608936
22608936
22608936
22608936
22608936
22608936
11486034
11486034
11486034
11486034
11486034
11486034
11486034
11486034
11486034
11486034
11477251
11477251
11477251
11477251
11477251
11477251
11477251
11477251
11477251
11477251
25783577
25783577
25783577
25783577
25783577
25783577
25783577
25783577
25783577
25783577
22621788
22621788
22621788
22621788
22621788
22621788
22621788
22621788
22621788
22621788
24847073
24847073
24847073
24847073
23997680
23997680
23997680
23997680
23997680
23997680
23997680
23997680
23997680
23997680
11496952
11496952
11496952
11496952
11496952
11496952
11496952
11496952
11496952
11496952
24856872
24856872
24856872
24856872
24856872
24856872
24856872
24856872
24856872
24856872
24698537
24698537
24698537
24698537
24698537
24698537
24698537
24698537
24698537
24698537
11487053
11487053
11487053
11487053
11487053
11487053
11487053
11487053
11487053
11487053
11489351
11489351
11489351
11489351
11489351
11489351
11489351
11489351
11489351
11489351
11472001
11472001
11472001
11472001
11472001
11472001
11472001
11472001
11472001
11472001
22619703
22619703
22619703
22619703
22619703
22619703
22619703
22619703
22619703
22619703
25711226
25711226
25711226
25711226
25711226
25711226
25711226
25711226
25711226
25711226
24115668
24115668
24115668
24115668
24115668
24115668
24115668
24115668
24115668
24115668
11475270
11475270
11475270
11475270
11475270
11475270
11475270
11475270
11475270
11475270
22620519
22620519
22620519
22620519
22620519
22620519
22620519
22620519
22620519
22620519
25733538
25733538
25733538
25733538
25733538
25733538
25733538
25733538
25733538
25733538
11492047
11492047
11492047
11492047
11492047
11492047
11492047
11492047
11492047
11492047
11491973
11491973
11491973
11491973
11491973
11491973
11491973
11491973
11491973
11491973
11459784
11459784
11459784
11459784
11459784
11459784
11459784
11459784
11459784
11459784
11480595
11480595
11480595
11480595
11480595
11480595
11480595
11480595
11480595
11480595
21373420
21373420
21373420
21373420
21373420
21373420
21373420
21373420
21373420
21373420
24540122
24540122
24540122
24540122
24540122
24540122
24540122
24540122
24540122
24540122
11479564
11479564
11479564
11479564
11479564
11479564
11479564
11479564
11479564
11479564
25890156
25890156
25890156
25890156
25890156
25890156
25890156
25890156
25890156
25890156
11472102
11472102
11472102
11472102
11472102
11472102
11472102
11472102
11472102
11472102
22620054
22620054
22620054
22620054
22620054
22620054
22620054
22620054
22620054
22620054
24698224
24698224
24698224
24698224
24698224
24698224
24698224
24698224
24698224
24698224
22616820
22616820
22616820
22616820
22616820
22616820
22616820
22616820
22616820
22616820
11467777
11467777
11467777
11467777
11467777
11467777
11467777
11467777
11467777
11467777
11465878
11465878
11465878
11465878
11465878
11465878
11465878
11465878
11465878
11465878
25745399
25745399
25745399
25745399
25745399
25745399
25745399
25745399
25745399
25745399
23617647
23617647
23617647
23617647
23617647
23617647
23617647
23617647
23617647
23617647
21731717
21731717
21731717
21731717
21731717
21731717
21731717
21731717
21731717
21731717
11494334
11494334
11494334
11494334
11494334
11494334
11494334
11494334
11494334
11494334
11452581
11452581
11452581
11452581
11452581
11452581
11452581
11452581
11452581
11452581
11451328
11451328
11451328
11451328
11451328
11451328
11451328
11451328
11451328
11451328
22619601
22619601
22619601
22619601
22619601
22619601
22619601
22619601
22619601
22619601
11448415
11448415
11448415
11448415
11448415
11448415
11448415
11448415
11448415
11448415
11460307
11460307
11460307
11460307
11460307
11460307
11460307
11460307
11460307
25892913
25892913
25892913
25892913
25892913
25892913
25892913
25892913
25892913
25892913
24716557
24716557
24716557
24716557
24716557
24716557
24716557
24716557
24716557
24716557
23047887
23047887
23047887
23047887
23047887
23047887
23047887
23047887
23047887
23047887
22622002
22622002
22622002
22622002
22622002
22622002
22622002
22622002
22622002
22622002
22617515
22617515
22617515
22617515
22617515
22617515
22617515
22617515
22617515
22617515
11455367
11455367
11455367
11455367
11455367
11455367
11455367
11455367
11455367
11455367
11477674
11477674
11477674
11477674
11477674
11477674
11477674
11477674
11477674
11477674
25731645
25731645
25731645
25731645
25731645
25731645
25731645
25731645
25731645
25731645
11456239
11456239
11456239
11456239
11456239
11456239
11456239
11456239
11456239
11456239
11473339
11473339
11473339
11473339
11473339
11473339
11473339
11473339
11473339
11473339
21768723
21768723
21768723
21768723
21768723
21768723
21768723
21768723
21768723
21768723
21768723
21807039
21807039
21807039
21807039
21807039
21807039
21807039
21807039
21807039
21807039
11447202
11447202
11447202
11447202
11447202
11447202
11447202
11447202
11447202
11447202
21339487
21339487
21339487
21339487
21339487
21339487
21339487
21339487
21339487
21339487
25752650
25752650
25752650
25752650
25752650
25752650
25752650
25752650
25752650
25752650
11445887
11445887
11445887
11445887
11445887
11445887
11445887
11445887
11445887
11445887
22618276
22618276
22618276
22618276
22618276
22618276
22618276
22618276
22618276
22618276
25936989
25936989
25936989
25936989
25936989
25936989
25936989
25936989
25936989
25936989
25934007
25934007
25934007
25934007
25934007
25934007
25934007
25934007
25934007
25934007
25705609
25705609
25705609
25705609
25705609
25705609
25705609
25705609
25705609
25705609
24316029
24316029
24316029
24316029
24316029
24316029
24316029
24316029
24316029
24316029
22621017
22621017
22621017
22621017
22621017
22621017
22621017
22621017
22621017
22621017
22614915
22614915
22614915
22614915
22614915
22614915
22614915
22614915
22614915
22614915
22613178
22613178
22613178
22613178
22613178
22613178
22613178
22613178
22613178
22613178
22612942
22612942
22612942
22612942
22612942
22612942
22612942
22612942
22612942
22612942
11472102
22620054
22620054
22620054
22620054
22620054
22620054
22620054
24698224
24698224
24698224
24698224
24698224
24698224
24698224
24698224
24698224
22616820
22616820
22616820
22616820
22616820
22616820
22616820
11465878
11465878
11465878
11465878
11465878
11465878
11465878
25745399
25745399
25745399
25745399
25745399
25745399
25745399
25745399
25745399
25745399
23617647
23617647
23617647
23617647
23617647
23617647
23617647
23617647
23617647
23617647
21731717
21731717
21731717
21731717
21731717
21731717
21731717
21731717
21731717
21731717
11452581
11452581
11452581
11452581
11452581
11451328
11451328
11451328
11451328
11451328
11451328
22619601
22619601
22619601
22619601
22619601
22619601
22619601
22619601
11460307
11460307
11460307
11460307
11460307
11460307
11460307
11460307
25892913
25892913
25892913
25892913
25892913
24716557
24716557
24716557
24716557
24716557
24716557
24716557
24716557
24716557
24716557
23047887
23047887
23047887
23047887
23047887
23047887
23047887
23047887
23047887
22622002
22622002
22622002
22622002
22622002
22622002
22622002
22622002
22617515
22617515
22617515
22617515
22617515
22617515
22617515
22617515
22617515
22617515
11455367
11455367
25731645
25731645
25731645
25731645
25731645
25731645
25731645
25731645
25731645
11456239
11456239
11456239
11456239
11456239
11456239
11456239
11456239
21768723
21768723
21768723
21768723
21768723
21768723
21768723
21768723
21807039
21807039
21807039
21807039
21807039
21807039
21807039
21807039
21807039
21339487
21339487
21339487
21339487
21339487
21339487
21339487
21339487
21339487
21339487
25752650
25752650
25752650
25752650
25752650
25752650
25752650
25752650
25752650
25752650
11445887
11445887
11445887
11445887
11445887
11445887
11445887
11445887
22618276
22618276
22618276
22618276
22618276
22618276
22618276
22618276
22618276
22618276
25936989
25936989
25936989
25936989
25936989
25936989
25936989
25936989
25936989
25936989
25934007
25934007
25934007
25934007
25934007
25934007
25934007
25934007
25934007
25934007
25705609
25705609
25705609
25705609
25705609
25705609
25705609
25705609
25705609
24316029
24316029
24316029
24316029
24316029
24316029
24316029
24316029
22621017
22621017
22621017
22621017
22621017
22621017
22621017
22621017
22621017
22621017
22614915
22614915
22614915
22614915
22614915
22614915
22614915
22614915
22614915
22614915
22613178
22613178
22613178
22613178
22613178
22613178
22613178
22613178
22613178
22612942
22612942
22612942
22612942
22612942
22612942
22612942
22612942
22612942
11486182
11486182
11486182
11486182
11486182
11486182
11486182
11486182
11486182
24540879
24540879
24540879
24540879
24540879
24540879
24540879
24540879
24540879
11451367
11451367
11451367
11451367
11451367
11451367
11451367
22610592
22610592
22610592
22610592
22610592
22610592
22610592
22610592
11479238
11479238
11479238
11479238
11479238
11479238
11479238
11482921
11482921
11482921
11482921
11482921
11482921
11482921
11482921
24757104
24757104
24757104
24757104
24757104
24757104
24757104
24757104
24757104
24741045
24741045
24741045
24741045
24741045
24741045
24741045
24741045
24741045
24741045
25784190
25784190
25784190
25784190
25784190
25660702
25660702
25660702
25660702
25660702
25660702
24715363
24715363
24715363
24715363
24715363
24715363
24715363
24715363
22620517
22620517
22620517
22620517
22620517
22620517
22620517
22620517
22620517
22618888
22618888
22618888
22618888
22618888
22618888
22618888
22618888
22618888
22618888
22436607
22436607
22436607
22436607
22436607
22436607
22436607
22436607
22436607
21937804
21937804
21937804
21937804
21937804
21937804
21937804
21800754
21800754
21800754
21800754
21800754
21800754
21759188
21759188
21759188
21759188
21759188
21759188
21759188
21759188
11490297
11490297
11490297
11490297
11490297
11490297
11490297
11490297
11490297
11490297
11467493
11467493
11467493
11467493
11467493
11467493
11467493
11467493
11467493
11467493
11459814
11459814
11459814
11459814
11459814
24698224
22616820
22616820
11465878
23617647
21731717
11451328
22619601
11460307
11460307
24716557
23047887
23047887
23047887
22622002
22622002
22622002
22617515
24698224
22616820
22616820
22616820
11465878
23617647
23617647
21731717
11451328
22619601
11460307
11460307
11460307
25892913
25892913
25892913
25892913
25892913
25892913
24716557
23047887
23047887
23047887
22622002
22622002
22622002
22617515
11472102
11472102
11472102
22620054
22620054
24698224
22616820
22616820
11467777
11465878
11465878
25745399
25745399
25745399
23617647
23617647
23617647
21731717
21731717
11494334
11494334
11494334
11494334
11452581
11451328
11451328
22619601
11460307
11460307
11460307
25892913
25892913
25892913
25892913
25892913
25892913
25892913
24716557
23047887
22622002
11455367
11455367
11477674
11477674
25731645
25731645
25731645
11456239
11473339
11473339
21768723
21768723
21807039
21807039
21807039
11447202
11447202
11447202
11447202
21339487
25752650
25752650
11445887
11445887
11445887
22618276
22618276
22618276
22618276
22618276
25936989
25936989
25936989
25934007
25934007
25705609
24316029
22621017
22621017
22613178
22613178
22612942
22612942
22612942
11486182
11451367
11451367
11451367
22610592
11479238
11482921
11482921
24757104
24757104
24741045
24741045
25784190
25784190
25784190
25660702
25660702
25660702
25660702
24715363
24715363
24715363
24715363
22620517
22620517
22618888
22618888
22436607
22436607
22436607
21937804
21800754
21759188
21759188
21759188
11490297
11490297
11490297
11459814
11447023
11447023
11447023
25787124
25787124
22608994
22608994
22608994
11449292
11449292
11449292
11449292
25747906
25747906
25747906
25747906
22619211
22619211
11454230
24153613
22621767
22621767
22610527
22610527
22610527
11450123
25893363
23619817
23619817
22805662
22616385
11456876
11456876
11470043
11470043
11453817
11453817
11453817
11453817
22611343
25734151
25734151
25732248
25732248
25732248
25732248
24744328
24744328
24744328
24289303
24289303
24289303
22611342
22611342
22611342
21767707
21765136
21765136
21765136
11493853
11493853
11493853
11465040
11465040
11465040
11465040
11465040
11465040
23618412
24727627
22611198
22611198
22611198
22611198
22609823
22609823
21769774
21769774
21769774
11448096
11448096
11454851
22619388
22619388
22619388
22616865
22616865
22609466
22609466
22609466
11448541
11446802
11446802
11446080
11446080
11446080
11446080
11446080
11446861
11446861
11446861
11452902
11452902
11452577
11452577
11452577
21975363
21975363
21975363
21975363
24877783
24877783
25702151
24843087
24843087
24744569
24744569
24538991
24538991
24538991
22616759
22616759
22615576
22353693
22353693
22353693
21759234
11452700
11452700
11452700
11452700
11452700
11454149
11454149
22610589
22610589
22610589
24852452
24852452
24852452
24852452
11455099
11455099
11479362
24695093
24695093
25793970
25793970
25785588
25708604
25708604
25708604
25708604
24153211
22621004
22621004
22619537
22619537
22616358
22616358
22615577
22615577
22615577
22607599
22607599
11471089
11471089
11454065
11454065
11454065
11454065
24538251
24538251
11467501
11467501
11467501
11467501
11467501
11467501
11450746
11450746
25944139
25944139
25944139
11447848
11447848
11447848
11447848
21980068
21980068
21980068
25757059
25661096
24152999
11449339
11449339
11455837
11455837
22614857
22614857
22614857
22610587
22610587
25769641
25769641
25738630
25715605
25715605
24876001
24876001
24845416
24747023
24747023
24747023
24747023
22615314
22614161
22613126
21769661
21769661
21769661
22616633
22616633
24089957
24089957
24089957
24089957
22611550
22611550
22611550
23009526
11449628
11449628
11449628
11449628
24855330
24538124
24538124
22613912
22613912
22613912
22613912
22608936
11486034
11486034
11486034
25783577
25783577
25783577
25783577
23997680
23997680
23997680
23997680
11496952
24856872
24856872
24856872
24856872
24698537
24698537
24698537
11487053
11487053
11489351
11489351
11472001
22619703
25711226
25711226
24115668
24115668
24115668
24115668
24115668
11475270
11475270
11475270
25733538
11492047
11492047
11492047
11492047
11492047
11491973
11491973
11459784
11480595
11480595
11480595
21373420
21373420
21373420
24540122
24540122
11479564
11479564
11479564
11479564
25890156
25890156
25890156
11472102
11472102
11472102
11472102
11472102
11472102
11472102
11472102
11472102
11472102
22620054
22620054
22620054
22620054
22620054
22620054
22620054
22620054
22620054
22620054
24698224
24698224
24698224
24698224
24698224
24698224
24698224
24698224
24698224
24698224
22616820
22616820
22616820
22616820
22616820
22616820
22616820
22616820
22616820
22616820
22616820
11467777
11467777
11467777
11467777
11467777
11467777
11467777
11467777
11467777
11467777
11465878
11465878
11465878
11465878
11465878
11465878
11465878
11465878
11465878
11465878
25745399
25745399
25745399
25745399
25745399
25745399
25745399
25745399
25745399
25745399
23617647
23617647
23617647
23617647
23617647
23617647
23617647
23617647
23617647
23617647
23617647
21731717
21731717
21731717
21731717
21731717
21731717
21731717
21731717
21731717
21731717
11494334
11494334
11494334
11494334
11494334
11494334
11494334
11494334
11494334
11494334
11452581
11452581
11452581
11452581
11452581
11452581
11452581
11452581
11452581
11452581
11451328
11451328
11451328
11451328
11451328
11451328
11451328
11451328
11451328
11451328
22619601
22619601
22619601
22619601
22619601
22619601
22619601
22619601
22619601
22619601
11448415
11448415
11448415
11448415
11448415
11448415
11448415
11448415
11448415
11448415
11460307
11460307
11460307
11460307
11460307
11460307
11460307
11460307
11460307
11460307
25892913
25892913
25892913
25892913
25892913
25892913
25892913
25892913
25892913
25892913
25892913
25892913
25892913
25892913
25892913
25892913
24716557
24716557
24716557
24716557
24716557
24716557
24716557
24716557
24716557
24716557
23047887
23047887
23047887
23047887
23047887
23047887
23047887
23047887
23047887
23047887
22622002
22622002
22622002
22622002
22622002
22622002
22622002
22622002
22622002
22622002
22617515
22617515
22617515
22617515
22617515
22617515
22617515
22617515
22617515
22617515
11455367
11455367
11455367
11455367
11455367
11455367
11455367
11455367
11455367
11455367
11477674
11477674
11477674
11477674
11477674
11477674
11477674
11477674
11477674
11477674
25731645
25731645
25731645
25731645
25731645
25731645
25731645
25731645
25731645
25731645
25731645
11456239
11456239
11456239
11456239
11456239
11456239
11456239
11456239
11456239
11456239
11473339
11473339
11473339
11473339
11473339
11473339
11473339
11473339
11473339
11473339
11473339
21768723
21768723
21768723
21768723
21768723
21768723
21768723
21768723
21768723
21768723
21807039
21807039
21807039
21807039
21807039
21807039
21807039
21807039
21807039
21807039
21807039
21807039
11447202
11447202
11447202
11447202
11447202
11447202
11447202
11447202
11447202
11447202
11447202
11447202
21339487
21339487
21339487
21339487
21339487
21339487
21339487
21339487
21339487
21339487
25752650
25752650
25752650
25752650
25752650
25752650
25752650
25752650
25752650
25752650
11445887
11445887
11445887
11445887
11445887
11445887
11445887
11445887
11445887
11445887
22618276
22618276
22618276
22618276
22618276
22618276
22618276
22618276
22618276
22618276
25936989
25936989
25936989
25936989
25936989
25936989
25936989
25936989
25936989
25936989
25936989
25934007
25934007
25934007
25934007
25934007
25934007
25934007
25934007
25934007
25934007
25705609
25705609
25705609
25705609
25705609
25705609
25705609
25705609
25705609
25705609
24316029
24316029
24316029
24316029
24316029
24316029
24316029
24316029
24316029
24316029
22621017
22621017
22621017
22621017
22621017
22621017
22621017
22621017
22621017
22621017
22621017
22614915
22614915
22614915
22614915
22614915
22614915
22614915
22614915
22614915
22614915
22613178
22613178
22613178
22613178
22613178
22613178
22613178
22613178
22613178
22613178
22612942
22612942
22612942
22612942
22612942
22612942
22612942
22612942
22612942
22612942
22612942
11486182
11486182
11486182
11486182
11486182
11486182
11486182
11486182
11486182
11486182
24540879
24540879
24540879
24540879
24540879
24540879
24540879
24540879
24540879
24540879
11451367
11451367
11451367
11451367
11451367
11451367
11451367
11451367
11451367
11451367
11451367
11451367
22610592
22610592
22610592
22610592
22610592
22610592
22610592
22610592
22610592
22610592
11479238
11479238
11479238
11479238
11479238
11479238
11479238
11479238
11479238
11479238
11482921
11482921
11482921
11482921
11482921
11482921
11482921
11482921
11482921
11482921
24757104
24757104
24757104
24757104
24757104
24757104
24757104
24757104
24757104
24757104
24741045
24741045
24741045
24741045
24741045
24741045
24741045
24741045
24741045
24741045
25784190
25784190
25784190
25784190
25784190
25784190
25784190
25784190
25784190
25784190
25784190
25784190
25660702
25660702
25660702
25660702
25660702
25660702
25660702
25660702
25660702
25660702
24715363
24715363
24715363
24715363
24715363
24715363
24715363
24715363
24715363
24715363
22620517
22620517
22620517
22620517
22620517
22620517
22620517
22620517
22620517
22620517
22618888
22618888
22618888
22618888
22618888
22618888
22618888
22618888
22618888
22618888
22618888
22436607
22436607
22436607
22436607
22436607
22436607
22436607
22436607
22436607
22436607
21937804
21937804
21937804
21937804
21937804
21937804
21937804
21937804
21937804
21937804
21800754
21800754
21800754
21800754
21800754
21800754
21800754
21800754
21800754
21800754
21759188
21759188
21759188
21759188
21759188
21759188
21759188
21759188
21759188
21759188
21759188
21759188
11490297
11490297
11490297
11490297
11490297
11490297
11490297
11490297
11490297
11490297
11467493
11467493
11467493
11467493
11467493
11467493
11467493
11467493
11467493
11467493
11459814
11459814
11459814
11459814
11459814
11459814
11459814
11459814
11459814
11459814
11472102
11472102
11472102
22620054
22620054
24698224
24698224
22616820
22616820
22616820
11467777
11465878
11465878
11465878
25745399
25745399
25745399
23617647
23617647
23617647
21731717
21731717
21731717
11494334
11494334
11494334
11494334
11452581
11451328
11451328
22619601
22619601
11460307
11460307
11460307
25892913
24716557
24716557
23047887
23047887
23047887
23047887
22622002
22622002
22622002
22617515
11455367
11455367
11455367
11477674
11477674
25731645
25731645
11456239
11473339
21768723
21768723
21768723
21768723
21807039
11447202
11447202
21339487
21339487
21339487
21339487
25752650
25752650
11445887
11445887
11445887
22618276
22618276
22618276
22618276
22618276
25936989
25936989
25936989
25934007
25934007
25934007
25705609
24316029
24316029
22621017
22614915
22613178
22613178
22612942
22612942
11486182
11451367
22610592
22610592
22610592
11479238
11479238
11482921
11482921
11482921
24757104
24757104
24757104
24741045
24741045
24741045
25784190
25660702
25660702
25660702
25660702
24715363
24715363
24715363
24715363
24715363
22620517
22620517
22620517
22620517
22618888
22436607
22436607
22436607
21937804
21800754
21759188
11490297
11490297
11490297
11490297
11459814
11447023
11447023
11447023
25787124
25787124
25787124
25787124
22608994
22608994
22608994
11449292
11449292
11449292
25747906
25747906
25747906
25747906
22619211
22619211
22619211
11454230
11454230
24153613
24153613
24153613
22621767
22621767
22621767
22621767
22610527
22610527
22610527
11450123
11450123
25893363
24747820
24747820
23619817
23619817
22805662
22616385
22616385
22616385
22616385
11456876
11456876
11470043
11470043
11453817
11453817
11453817
22611343
22611343
25734151
25734151
25732248
25732248
25732248
24744328
24744328
24744328
24289303
24289303
22611342
22611342
22611342
22611342
21767707
21767707
21767707
21765145
21765136
21765136
21765136
11493853
11493853
11493853
11465040
11465040
11465040
11465040
11465040
11459916
23618412
24727627
22611198
22611198
22611198
22609823
22609823
22609823
21769774
21769774
21769774
11449684
11448096
11448096
11454851
22619388
22619388
22616865
22616865
22616865
22609466
22609466
22609466
22609466
22354115
22354115
11448541
11446802
11446802
11446802
11446080
11446080
11446080
11446080
11446080
11446861
11446861
11446861
11452902
11452902
11452577
11452577
11452577
21975363
21975363
21975363
21975363
24877783
24877783
24877783
24877783
25702151
25702151
24843087
24843087
24744569
24695166
24538991
24538991
24538991
24538991
22616759
22616759
22616759
22615576
22353693
22353693
22353693
21759234
21759234
21759234
11452700
11452700
11454149
11454149
11454149
22610589
22610589
22610589
11466009
24852452
11455099
11455099
11455099
11479362
24695093
24695093
25793970
25793970
25785588
25785588
25785588
24153211
24006563
22621004
22621004
22621004
22619537
22619537
22616358
22616358
22615577
22615577
22615577
22607599
22607599
11471089
11471089
11454065
11454065
11454065
11454065
24538251
24538251
24538251
24538251
11467501
11467501
11450746
11450746
11450746
25944139
25944139
25944139
22315758
22315758
22315758
11447848
11447848
11447848
21980068
21980068
21980068
21980068
25757059
25661096
24152999
24152999
11449339
11449339
11455837
11455837
22614857
22614857
22614857
22614857
22610587
22610587
22610587
25769641
25769641
25738630
25715605
25715605
25715605
25715605
24876001
24876001
24876001
24747023
24747023
24747023
24747023
22615314
22615314
22614161
22614161
22613126
22613126
21769661
21769661
22616633
24089957
24089957
24089957
22611550
22611550
22611550
11493715
23009526
24855330
24855330
24538124
24538124
24538124
24538124
24538124
24538124
22613912
22613912
22613912
22613912
22608936
11486034
11486034
11486034
11477251
25783577
25783577
25783577
25783577
25783577
25783577
22621788
22621788
24847073
23997680
23997680
23997680
11496952
24856872
24856872
24856872
24856872
24856872
24856872
24698537
24698537
24698537
24698537
11487053
11487053
11489351
11489351
11472001
22619703
22619703
25711226
25711226
25711226
25711226
25711226
24115668
24115668
24115668
24115668
24115668
11475270
11475270
11475270
25733538
25733538
25733538
11492047
11492047
11492047
11492047
11491973
11459784
11480595
11480595
11480595
21373420
21373420
21373420
21373420
24540122
24540122
24540122
11479564
11479564
11479564
11472102
11472102
11472102
22620054
22620054
24698224
24698224
22616820
22616820
22616820
11467777
11465878
11465878
11465878
25745399
25745399
25745399
23617647
23617647
23617647
21731717
21731717
21731717
11494334
11494334
11494334
11494334
11452581
11451328
11451328
22619601
22619601
11460307
11460307
11460307
25892913
24716557
24716557
23047887
23047887
23047887
23047887
22622002
22622002
22622002
22617515
22617515
11455367
11455367
11455367
11477674
11477674
25731645
25731645
11456239
11473339
21768723
21768723
21768723
21768723
21807039
11447202
11447202
21339487
21339487
21339487
21339487
25752650
25752650
11445887
11445887
11445887
22618276
22618276
22618276
22618276
22618276
25936989
25936989
25936989
25934007
25934007
25934007
25705609
24316029
24316029
22621017
22614915
22613178
22613178
22612942
22612942
11486182
11451367
22610592
22610592
22610592
11479238
11479238
11482921
11482921
11482921
24757104
24757104
24757104
24741045
24741045
24741045
25784190
25660702
25660702
25660702
25660702
24715363
24715363
24715363
24715363
24715363
22620517
22620517
22620517
22620517
22618888
22436607
22436607
22436607
21937804
21800754
21759188
11490297
11490297
11490297
11490297
11459814
11447023
11447023
11447023
25787124
25787124
25787124
25787124
22608994
22608994
22608994
11449292
11449292
11449292
25747906
25747906
25747906
25747906
22619211
22619211
22619211
11454230
11454230
24153613
24153613
24153613
22621767
22621767
22621767
22621767
22610527
22610527
22610527
11450123
11450123
25893363
24747820
24747820
23619817
23619817
22805662
22616385
22616385
22616385
22616385
11456876
11456876
11470043
11470043
11453817
11453817
11453817
22611343
22611343
25734151
25734151
25732248
25732248
25732248
24744328
24744328
24744328
24289303
24289303
22611342
22611342
22611342
22611342
21767707
21767707
21767707
21765145
21765136
21765136
21765136
11493853
11493853
11493853
11465040
11465040
11465040
11465040
11465040
11459916
23618412
24727627
22611198
22611198
22611198
22609823
22609823
22609823
21769774
21769774
21769774
11449684
11448096
11448096
11454851
22619388
22619388
22616865
22616865
22616865
22609466
22609466
22609466
22609466
22354115
22354115
11448541
11446802
11446802
11446802
11446080
11446080
11446080
11446080
11446080
11446861
11446861
11446861
11452902
11452902
11452577
11452577
11452577
21975363
21975363
21975363
21975363
24877783
24877783
24877783
24877783
25702151
25702151
24843087
24843087
24744569
24695166
24538991
24538991
24538991
24538991
22616759
22616759
22616759
22615576
22353693
22353693
22353693
21759234
21759234
21759234
11452700
11452700
11454149
11454149
11454149
22610589
22610589
22610589
11466009
24852452
11455099
11455099
11455099
11479362
24695093
24695093
25793970
25793970
25785588
25785588
25785588
24153211
24006563
22621004
22621004
22621004
22619537
22619537
22616358
22616358
22615577
22615577
22615577
22607599
22607599
11471089
11471089
11454065
11454065
11454065
11454065
24538251
24538251
24538251
24538251
11467501
11467501
11450746
11450746
11450746
25944139
25944139
25944139
22315758
22315758
22315758
11447848
11447848
11447848
21980068
21980068
21980068
21980068
25757059
25661096
24152999
24152999
11449339
11449339
11455837
11455837
22614857
22614857
22614857
22614857
22610587
22610587
22610587
25769641
25769641
25738630
25715605
25715605
25715605
25715605
24876001
24876001
24876001
24747023
24747023
24747023
24747023
22615314
22615314
22614161
22614161
22613126
22613126
21769661
21769661
22616633
24089957
24089957
24089957
22611550
22611550
22611550
11493715
23009526
24855330
24855330
24538124
24538124
24538124
24538124
24538124
24538124
22613912
22613912
22613912
22613912
22608936
11486034
11486034
11486034
11477251
25783577
25783577
25783577
25783577
25783577
25783577
22621788
22621788
24847073
23997680
23997680
23997680
11496952
24856872
24856872
24856872
24856872
24856872
24856872
24698537
24698537
24698537
24698537
11487053
11487053
11489351
11489351
11472001
22619703
22619703
25711226
25711226
25711226
25711226
25711226
24115668
24115668
24115668
24115668
24115668
11475270
11475270
11475270
25733538
25733538
25733538
11492047
11492047
11492047
11492047
11491973
11459784
11480595
11480595
11480595
21373420
21373420
21373420
21373420
24540122
24540122
24540122
11479564
11479564
11479564
22616473
22616473
24698224
22616820
22616820
11465878
23617647
21731717
11451328
22619601
11460307
11460307
24716557
23047887
23047887
23047887
22622002
22622002
22622002
11455367
21768723
21768723
21339487
21339487
21339487
22618276
25936989
25934007
24316029
22614915
22616473
24698224
23617647
21731717
11451328
22619601
24716557
23047887
23047887
23047887
22622002
11455367
21768723
21768723
21339487
21339487
22618276
25934007
22614915
11451367
22610592
22610592
11479238
24757104
24741045
24715363
22620517
22620517
11490297
11447023
25787124
25787124
25747906
25747906
24153613
24153613
24153613
22621767
22621767
24747820
23619817
22616385
22616385
22617335
11456876
11453817
22611343
24744328
24744328
24744328
22611342
21767707
21765145
11459916
22611198
22609823
22616865
22609466
22354115
22354115
11446802
11452577
24877783
24877783
25702151
25702151
24744569
24695166
24538991
22616759
22615576
22353693
21759234
21759234
11454149
11466009
11455099
24695093
24695093
25785588
25785588
22621004
24538251
24538251
11450746
22315758
22315758
11449339
22614857
22610587
25715605
25715605
24876001
24747023
22614161
22613126
11493715
24855330
24538124
24538124
25783577
22621788
24856872
24856872
24698537
24698537
22619703
25711226
25711226
25711226
25711226
25733538
21373420
24540122
20508281
20611540
25840653
20511486
20511486
25811158
25811158
25811158
20508673
20331898
20331898
20511241
20356395
26384194
24706776
24706776
24706776
20344888
20344888
20344888
24857168
20358023
25471785
25471785
25471785
25873193
20336672
20353654
26309909
21241501
20356235
20356235
25705654
25846535
25846535
24524084
20508069
20508069
20508069
20360336
20350145
20350145
20329430
21759482
20364215
20364215
19950164
20336059
20336059
20330675
20337399
20330674
20330674
20330674
20329899
22616473
22616473
22616473
22616473
22616473
22616473
22616473
22616473
22616473
11472102
11472102
11472102
11472102
11472102
11472102
11472102
11472102
11472102
11472102
22620054
22620054
22620054
22620054
22620054
22620054
22620054
22620054
22620054
22620054
24698224
24698224
24698224
24698224
24698224
24698224
24698224
24698224
24698224
24698224
22616820
22616820
22616820
22616820
22616820
22616820
22616820
22616820
22616820
22616820
11467777
11467777
11467777
11467777
11467777
11467777
11467777
11467777
11467777
11467777
11465878
11465878
11465878
11465878
11465878
11465878
11465878
11465878
11465878
11465878
25745399
25745399
25745399
25745399
25745399
25745399
25745399
25745399
25745399
25745399
23617647
23617647
23617647
23617647
23617647
23617647
23617647
23617647
23617647
23617647
21731717
21731717
21731717
21731717
21731717
21731717
21731717
21731717
21731717
21731717
11494334
11494334
11494334
11494334
11494334
11494334
11494334
11494334
11494334
11494334
11452581
11452581
11452581
11452581
11452581
11452581
11452581
11452581
11452581
11452581
11451328
11451328
11451328
11451328
11451328
11451328
11451328
11451328
11451328
11451328
22619601
22619601
22619601
22619601
22619601
22619601
22619601
22619601
22619601
22619601
11448415
11448415
11448415
11448415
11448415
11448415
11448415
11448415
11448415
11448415
11460307
11460307
11460307
11460307
11460307
11460307
11460307
11460307
11460307
25892913
25892913
25892913
25892913
25892913
25892913
25892913
25892913
25892913
25892913
24716557
24716557
24716557
24716557
24716557
24716557
24716557
24716557
24716557
24716557
23047887
23047887
23047887
23047887
23047887
23047887
23047887
23047887
23047887
23047887
22622002
22622002
22622002
22622002
22622002
22622002
22622002
22622002
22622002
22622002
11449862
11449862
11449862
11449862
11449862
11449862
11449862
11449862
11449862
11449862
11455367
11455367
11455367
11455367
11455367
11455367
11455367
11455367
11455367
11455367
11477674
11477674
11477674
11477674
11477674
11477674
11477674
11477674
11477674
11477674
25731645
25731645
25731645
25731645
25731645
25731645
25731645
25731645
25731645
25731645
11456239
11456239
11456239
11456239
11456239
11456239
11456239
11456239
11456239
11456239
11473339
11473339
11473339
11473339
11473339
11473339
11473339
11473339
11473339
11473339
21768723
21768723
21768723
21768723
21768723
21768723
21768723
21768723
21768723
21768723
21807039
21807039
21807039
21807039
21807039
21807039
21807039
21807039
21807039
21807039
11447202
11447202
11447202
11447202
11447202
11447202
11447202
11447202
11447202
11447202
21339487
21339487
21339487
21339487
21339487
21339487
21339487
21339487
21339487
21339487
25752650
25752650
25752650
25752650
25752650
25752650
25752650
25752650
25752650
25752650
11445887
11445887
11445887
11445887
11445887
11445887
11445887
11445887
11445887
11445887
22618276
22618276
22618276
22618276
22618276
22618276
22618276
22618276
22618276
22618276
25936989
25936989
25936989
25936989
25936989
25936989
25936989
25936989
25936989
25936989
25934007
25934007
25934007
25934007
25934007
25934007
25934007
25934007
25934007
25934007
25705609
25705609
25705609
25705609
25705609
25705609
25705609
25705609
25705609
25705609
24316029
24316029
24316029
24316029
24316029
24316029
24316029
24316029
24316029
24316029
22621017
22621017
22621017
22621017
22621017
22621017
22621017
22621017
22621017
22621017
22614915
22614915
22614915
22614915
22614915
22614915
22614915
22614915
22614915
22614915
22613178
22613178
22613178
22613178
22613178
22613178
22613178
22613178
22613178
22613178
