1725643896
1626954123
1626954123
1626954123
1626954123
1626954123
1626954123
1626954123
1626954123
1626954123
1626954123
1626954123
1626954123
1626954123
1626954123
1626954123
1626954123
1626954123
1626954123
1626954123
1626954123
1626954123
1626954123
1626954123
1626954123
1626954123
1626954123
1626954123
1626954123
1626954123
1626954123
1626954123
1626954123
1626954123
1626954123
1626954123
1626954123
1626954123
1626954123
1626954123
1626954123
1626954123
1626954123
1626954123
1626954123
1626954123
1626954123
1626954123
1626954123
1626954123
1626954123
1626954123
1626954123
1626954123
1626954123
1626954123
1626954123
1626954123
1626954123
1626954123
1626954123
1626954123
1626954123
1626954123
1626954123
1626954123
1626954123
1626954123
1626954123
1626954123
1626954123
1626954123
1626954123
1626954123
1626954123
1626954123
1626954123
1626954123
1626954123
1626954123
1626954123
1626954123
1626954123
1626954123
1626954123
1626954123
1626954123
1626954123
1626954123
1626954123
1626954123
1626954123
1626954123
1626954123
1626954123
1626954123
1626954123
1626954123
1626954123
1626954123
1626954123
1714794143
1714794143
1714794143
1714794143
1714794143
1715412318
1713662350
1713662350
1713662350
1713662350
1580603866
1580603866
1580603866
1580603866
1580603866
1580603866
1580603866
1580603866
1580603866
1580603866
1580603866
1580603866
1580603866
1580603866
1580603866
1580603866
1580603866
1580603866
1580603866
1580603866
1580603866
1580603866
1580603866
1580603866
1580603866
1580603866
1580603866
1580603866
1580603866
1580603866
1580603866
1580603866
1580603866
1580603866
1580603866
1580603866
