11472102
11472102
11472102
11472102
11472102
11472102
11472102
11472102
11472102
11472102
22620054
22620054
22620054
22620054
22620054
22620054
22620054
22620054
22620054
22620054
24698224
24698224
24698224
24698224
24698224
24698224
24698224
24698224
24698224
24698224
22616820
22616820
22616820
22616820
22616820
22616820
22616820
22616820
22616820
22616820
11467777
11467777
11467777
11467777
11467777
11467777
11467777
11467777
11467777
11467777
11465878
11465878
11465878
11465878
11465878
11465878
11465878
11465878
11465878
11465878
25745399
25745399
25745399
25745399
25745399
25745399
25745399
25745399
25745399
25745399
23617647
23617647
23617647
23617647
23617647
23617647
23617647
23617647
23617647
23617647
21731717
21731717
21731717
21731717
21731717
21731717
21731717
21731717
21731717
21731717
11494334
11494334
11494334
11494334
11494334
11494334
11494334
11494334
11494334
11494334
11452581
11452581
11452581
11452581
11452581
11452581
11452581
11452581
11452581
11452581
11451328
11451328
11451328
11451328
11451328
11451328
11451328
11451328
11451328
11451328
22619601
22619601
22619601
22619601
22619601
22619601
22619601
22619601
22619601
22619601
11448415
11448415
11448415
11448415
11448415
11448415
11448415
11448415
11448415
11448415
11460307
11460307
11460307
11460307
11460307
11460307
11460307
11460307
11460307
25892913
25892913
25892913
25892913
25892913
25892913
25892913
25892913
25892913
25892913
24716557
24716557
24716557
24716557
24716557
24716557
24716557
24716557
24716557
24716557
23047887
23047887
23047887
23047887
23047887
23047887
23047887
23047887
23047887
23047887
22622002
22622002
22622002
22622002
22622002
22622002
22622002
22622002
22622002
22622002
22617515
22617515
22617515
22617515
22617515
22617515
22617515
22617515
22617515
22617515
11472102
11472102
11472102
11472102
11472102
11472102
11472102
11472102
11472102
11472102
22620054
22620054
22620054
22620054
22620054
22620054
22620054
22620054
22620054
22620054
24698224
24698224
24698224
24698224
24698224
24698224
24698224
24698224
24698224
24698224
22616820
22616820
22616820
22616820
22616820
22616820
22616820
22616820
22616820
22616820
11467777
11467777
11467777
11467777
11467777
11467777
11467777
11467777
11467777
11467777
11465878
11465878
11465878
11465878
11465878
11465878
11465878
11465878
11465878
11465878
25745399
25745399
25745399
25745399
25745399
25745399
25745399
25745399
25745399
25745399
23617647
23617647
23617647
23617647
23617647
23617647
23617647
23617647
23617647
23617647
21731717
21731717
21731717
21731717
21731717
21731717
21731717
21731717
21731717
21731717
11494334
11494334
11494334
11494334
11494334
11494334
11494334
11494334
11494334
11494334
11452581
11452581
11452581
11452581
11452581
11452581
11452581
11452581
11452581
11452581
11451328
11451328
11451328
11451328
11451328
11451328
11451328
11451328
11451328
11451328
22619601
22619601
22619601
22619601
22619601
22619601
22619601
22619601
22619601
22619601
11448415
11448415
11448415
11448415
11448415
11448415
11448415
11448415
11448415
11448415
11460307
11460307
11460307
11460307
11460307
11460307
11460307
11460307
11460307
25892913
25892913
25892913
25892913
25892913
25892913
25892913
25892913
25892913
25892913
24716557
24716557
24716557
24716557
24716557
24716557
24716557
24716557
24716557
24716557
23047887
23047887
23047887
23047887
23047887
23047887
23047887
23047887
23047887
23047887
22622002
22622002
22622002
22622002
22622002
22622002
22622002
22622002
22622002
22622002
22617515
22617515
22617515
22617515
22617515
22617515
22617515
22617515
22617515
22617515
