0.416 0.81 0.399 0.401 0.197 0.305 0.96 0.23 0.383 0.74 0.209 0.199 0.158 0.671 1.451 1.388 0.253 0.151 1.025 1.823 2.326 0.302 1.064
0.436 0.75 0.365 0.254 0.199 0.296 0.812 0.224 0.415 0.732 0.21 0.211 0.154 0.658 1.273 1.442 0.219 0.182 0.664 1.375 2.287 0.308 0.655
0.408 1.085 0.331 0.244 0.378 0.29 0.759 0.223 0.231 0.73 0.235 0.238 0.158 0.676 1.172 1.672 0.22 0.314 0.789 1.215 2.502 0.383 0.655
0.403 0.735 0.337 0.258 0.418 0.305 0.759 0.226 0.201 1.158 0.198 0.204 0.178 0.933 1.401 1.404 0.21 0.17 1.082 1.347 2.225 1.219 0.639
0.486 0.776 0.329 0.247 0.374 0.301 0.741 0.219 0.205 0.747 0.203 0.205 0.17 0.664 1.137 1.628 0.213 0.18 1.016 1.318 2.243 0.295 0.658
0.47 0.864 0.42 0.351 0.211 0.314 0.784 0.22 0.281 0.852 0.275 0.288 0.174 0.721 1.379 2.101 0.245 0.173 0.876 1.408 2.226 0.312 0.779
0.382 0.717 0.352 0.239 0.218 0.292 0.816 0.221 0.21 0.773 0.199 0.224 0.166 0.662 1.4 1.367 0.209 0.203 0.803 1.348 2.299 0.34 0.71
0.448 2.217 0.329 0.25 0.366 0.292 0.731 0.211 0.217 0.81 0.227 0.222 0.137 0.689 1.204 1.438 0.206 0.148 1.135 1.286 2.267 0.298 0.656
0.386 0.763 0.331 0.303 0.378 0.289 0.787 0.217 0.195 0.79 0.195 0.202 0.132 0.66 1.431 1.396 0.211 0.152 0.899 1.29 2.412 0.303 1.034
0.409 0.745 0.347 0.242 0.209 0.305 0.762 0.215 0.201 0.826 0.195 0.198 0.133 0.76 1.222 1.863 0.199 0.161 0.662 1.299 2.572 0.294 0.661
0.48 0.728 0.347 0.24 0.229 0.298 0.749 0.21 0.204 0.982 0.2 0.211 0.169 0.676 1.591 1.566 0.2 0.183 0.687 1.332 3.182 0.296 0.724
0.429 0.769 1.719 0.316 0.385 0.284 2.194 0.227 0.227 0.861 0.235 0.23 0.13 0.684 1.238 1.241 0.216 0.144 0.8 1.499 2.233 0.298 0.652
0.421 0.718 0.35 0.26 0.204 0.282 0.739 0.218 0.215 0.858 0.206 0.212 0.15 0.665 1.291 1.597 0.245 0.172 0.811 1.362 2.254 0.305 0.653
3.18 0.733 0.325 0.409 0.201 0.291 0.746 0.221 0.248 0.934 0.256 0.253 0.175 0.642 1.579 1.468 0.249 0.166 0.738 1.289 2.543 0.294 0.639
0.421 0.733 0.981 0.262 0.193 0.294 0.709 0.213 0.242 1.067 0.243 0.246 0.148 0.672 1.213 1.451 0.261 0.16 0.895 1.346 3.318 0.298 0.61
0.402 0.768 0.323 0.418 0.445 0.298 0.728 0.211 0.191 0.9 0.195 0.194 0.154 0.68 1.636 1.468 0.232 0.161 0.881 1.324 2.323 0.296 0.684
0.476 0.736 0.354 0.489 0.429 0.287 1.522 0.281 0.218 0.939 0.22 0.226 0.131 0.68 1.403 1.718 0.215 0.144 0.986 1.242 2.569 0.296 0.678
9.125 0.749 0.345 0.242 0.201 0.298 0.793 0.218 0.226 5.355 0.227 0.228 0.15 0.663 1.418 1.628 0.208 0.168 0.994 1.263 2.281 0.398 1.007
0.433 3.758 0.513 0.239 0.201 0.281 1.955 0.217 0.2 0.9 0.202 0.206 0.151 0.662 1.371 1.613 0.211 0.162 0.818 1.593 2.365 0.307 0.672
0.411 3.746 0.341 0.306 0.395 0.298 0.734 0.29 0.23 1.067 1.404 0.757 0.154 0.661 1.484 1.709 0.281 0.169 0.727 1.612 2.261 0.29 0.592
0.385 0.736 0.353 0.276 0.389 0.296 0.779 0.217 0.195 0.896 0.194 0.197 0.154 0.663 1.604 2.147 0.21 0.153 0.725 1.246 2.481 0.3 0.676
0.475 0.743 0.36 0.247 0.197 0.28 0.764 0.239 0.192 1.018 0.194 0.197 0.153 0.675 1.486 1.695 0.212 0.164 0.794 1.628 2.339 0.288 1.227
0.365 0.736 20 0.264 0.396 0.297 0.729 0.288 0.199 0.931 0.2 0.203 0.147 0.676 1.427 1.681 0.212 0.162 1.178 1.223 2.18 0.294 0.661
0.449 0.749 0.404 0.251 0.373 0.28 0.781 0.288 0.215 0.968 0.216 0.22 0.14 0.656 1.476 1.271 0.282 0.153 0.875 1.325 2.275 0.297 0.657
0.41 0.754 1.304 0.255 0.193 0.281 0.723 0.23 0.198 0.95 0.204 0.201 0.154 0.673 1.311 1.53 0.224 0.151 0.679 1.507 2.275 0.301 0.664
0.379 0.951 1.688 0.28 0.195 0.276 0.723 0.277 0.191 1.063 0.292 0.282 0.139 0.653 1.445 1.599 0.27 0.153 0.839 1.249 2.24 0.289 0.72
0.444 0.733 0.422 0.293 0.362 0.554 0.768 0.219 0.201 0.964 0.203 0.206 0.148 0.673 1.173 1.501 0.211 0.153 0.946 1.297 2.263 0.302 0.738
0.371 0.741 0.353 0.874 0.379 0.303 0.727 0.287 0.218 1.112 0.193 0.197 0.154 0.652 1.271 1.91 0.294 0.154 0.676 1.286 2.227 0.294 0.729
0.486 1.811 0.358 0.26 0.373 0.307 0.732 0.201 0.223 1.581 0.225 0.227 0.151 0.655 1.405 2.038 0.191 0.156 0.714 3.237 2.309 0.286 0.737
0.463 0.791 0.334 0.264 0.197 0.301 0.724 0.198 0.198 1.493 0.199 0.202 0.141 0.674 1.659 1.738 0.191 0.16 1.025 1.269 2.284 0.293 0.723
0.452 3.729 0.332 0.29 0.388 0.277 5.554 0.199 0.217 1.361 0.219 0.22 0.144 0.687 1.323 2.007 0.193 0.158 0.624 1.238 2.271 0.298 0.87
0.439 0.74 0.373 0.293 0.197 0.271 1.817 0.197 0.219 1.848 0.224 0.228 0.149 0.646 1.535 1.311 0.192 0.167 0.769 1.315 2.528 0.292 0.672
0.422 0.727 0.341 0.281 0.205 0.291 0.745 0.197 0.19 1.014 0.196 0.192 0.151 0.661 1.138 1.803 0.191 0.152 0.819 1.267 2.309 0.295 0.68
0.468 0.77 0.347 0.535 0.198 0.291 0.729 0.199 0.22 1.255 0.221 0.222 0.153 0.665 1.118 1.156 0.193 0.155 0.984 1.481 2.314 0.294 0.662
0.434 0.701 0.796 0.241 0.374 0.297 0.713 0.198 0.223 1.022 0.225 0.226 0.14 0.688 1.447 1.346 0.192 0.152 0.687 1.294 2.705 0.29 0.675
0.472 0.726 0.427 0.241 0.206 0.286 0.739 0.197 0.216 1.047 0.217 0.22 0.153 0.681 1.476 1.534 0.192 0.156 0.715 1.502 2.329 0.301 0.69
0.43 0.76 0.352 0.293 0.197 0.272 0.801 0.277 0.222 1.224 0.224 0.225 0.149 0.669 1.284 1.225 0.192 0.167 0.684 1.261 2.638 0.286 0.665
0.425 0.758 0.936 0.243 0.201 0.297 0.827 0.274 0.223 1.06 0.212 0.217 0.153 0.711 1.389 1.807 2.269 0.154 0.8 1.373 2.348 0.3 20
0.425 0.792 0.351 0.266 0.198 0.298 0.786 0.278 0.206 1.071 0.207 0.208 0.153 0.67 1.441 1.731 0.275 0.17 0.802 1.288 2.301 0.301 0.954
0.412 0.816 0.407 0.244 0.388 0.288 0.749 0.212 0.208 2.715 0.213 0.214 0.13 0.666 1.157 1.793 0.206 0.164 1.341 1.371 2.886 0.299 0.7
0.468 0.728 0.38 0.24 0.388 0.288 0.713 0.22 0.203 1.348 0.204 0.207 0.162 0.653 1.523 1.828 0.213 0.181 0.627 1.305 2.378 0.296 0.639
3.059 0.739 0.399 0.248 0.379 0.287 0.72 0.224 0.227 1.088 0.229 0.229 0.197 0.633 1.367 1.119 0.215 0.158 0.954 1.459 2.23 0.299 0.59
0.438 0.758 0.337 0.286 0.197 0.293 0.724 0.221 0.221 1.258 0.223 0.222 0.146 0.638 1.618 1.7 0.258 0.155 1.016 1.341 2.564 0.284 0.711
0.398 0.766 0.349 0.241 0.388 0.296 0.782 0.221 0.204 1.271 0.207 0.21 0.141 0.649 1.126 1.676 0.214 0.155 0.762 1.276 2.342 0.292 0.609
0.402 0.729 0.369 0.26 0.203 0.289 0.737 0.219 0.213 1.26 0.212 0.214 0.144 0.675 1.222 1.538 0.214 0.155 0.867 1.307 2.312 0.304 0.631
0.407 0.75 0.823 0.294 0.391 0.308 0.755 0.28 0.201 1.258 0.203 0.206 0.139 0.653 1.16 1.571 0.251 0.157 0.708 1.564 2.344 0.296 0.692
0.419 0.739 0.424 0.247 0.378 0.29 0.745 0.222 0.193 1.287 0.198 0.201 0.14 0.664 1.278 1.287 0.213 0.155 0.757 1.282 2.371 0.286 0.579
0.389 0.723 0.413 0.568 0.202 0.291 0.748 0.248 0.21 1.142 0.211 0.215 0.138 0.673 1.095 1.666 0.253 0.152 0.748 1.513 2.314 0.372 0.943
0.382 0.726 0.43 0.252 0.204 0.287 0.695 0.286 0.211 1.388 0.209 0.213 0.128 0.669 1.145 1.537 0.29 0.154 1.279 1.303 2.315 0.297 0.631
0.455 1.417 0.341 0.241 0.204 0.285 0.756 0.285 0.206 3.235 0.206 0.284 0.162 0.67 1.225 1.386 0.244 0.155 1.053 1.419 2.374 0.391 0.643
0.399 0.753 1.176 0.249 0.38 0.287 1.35 0.22 0.225 2.174 0.226 0.229 0.164 0.66 1.564 1.424 0.214 0.161 1.043 1.338 2.331 1.32 0.709
0.405 0.741 0.356 0.266 0.197 0.269 1.303 0.284 0.227 1.466 0.229 0.231 0.141 0.646 1.276 1.562 0.278 0.154 0.606 1.277 2.29 0.308 0.68
3.323 1.996 0.354 0.301 0.379 0.285 0.71 0.223 0.192 1.311 0.195 0.196 0.128 2.442 1.084 1.486 0.246 0.151 0.722 1.522 2.529 0.295 0.665
3.383 0.717 0.383 0.267 0.387 0.288 0.703 0.225 0.192 1.193 0.198 0.204 0.13 0.664 1.277 1.845 0.226 0.201 0.86 1.282 2.504 0.296 0.668
0.399 0.672 0.393 0.261 0.378 0.294 0.711 0.223 0.199 4.049 0.199 0.202 0.141 0.682 1.538 1.818 0.214 0.158 0.878 1.365 2.354 0.3 0.665
0.406 0.644 0.364 0.282 0.201 0.326 0.635 0.219 0.204 1.769 0.207 0.211 0.141 0.657 1.292 1.393 0.278 0.157 0.718 1.272 3.243 0.305 0.676
0.367 0.621 0.389 0.275 0.388 0.29 0.821 0.284 0.21 5.175 0.215 0.215 0.143 0.656 1.456 1.515 0.27 0.167 0.817 1.527 2.298 0.295 1.017
0.473 0.652 0.47 0.29 0.374 0.295 0.62 0.285 0.216 4.58 0.218 0.223 0.147 0.643 1.086 1.412 0.216 0.161 0.682 1.315 2.293 0.288 0.618
0.463 1.53 0.354 0.246 0.194 0.296 0.664 0.286 0.211 2.179 0.213 0.213 0.141 0.688 1.411 1.77 0.24 0.165 0.693 1.317 2.354 0.292 0.648
0.438 0.639 0.334 0.282 0.203 0.279 1.187 0.227 0.209 2.402 0.219 0.215 0.13 0.657 1.108 1.22 0.245 0.156 0.909 1.326 2.321 0.299 0.613
0.396 0.614 0.371 0.271 0.206 0.29 1.186 0.229 0.21 1.758 0.211 0.211 0.165 0.676 1.485 1.704 0.305 0.196 0.675 1.295 2.284 0.288 0.673
0.425 0.664 0.396 0.258 0.385 0.322 1.761 0.232 0.326 6.312 0.235 0.236 0.178 0.727 1.228 1.662 0.231 0.188 0.834 1.479 2.705 0.322 0.713
0.431 0.619 0.37 0.262 0.21 0.285 0.648 0.223 0.213 10.438 0.211 0.21 0.161 0.678 1.406 1.581 0.215 0.186 0.744 1.416 2.238 0.301 0.593
0.41 0.645 0.358 0.25 0.379 0.291 0.627 0.222 0.225 2.403 0.227 0.228 0.139 0.692 1.328 1.503 0.215 0.163 0.624 1.28 2.341 0.305 0.661
